1.442077 4.703361
1.878136 3.394636
2.716711 2.55571
3.421113 2.085911
4.528032 1.515442
5.098262 0.9449714
5.198892 -0.3637531
5.198892 -1.706035
5.031177 -2.712746
4.662204 -3.518116
3.555285 -3.551673
2.683167 -2.846975
1.878136 -2.410733
0.9053898 -2.511404
0.3351593 -2.813418
-0.8723882 -3.417444
-1.34199 -3.9208
-1.979307 -4.357042
-2.750795 -4.625498
-3.757084 -4.659055
-4.49503 -4.390599
-4.897546 -3.853686
-4.931088 -2.712746
-4.897546 -1.739592
-4.528573 -0.5986524
-4.126057 0.1731598
-3.857713 1.146314
-3.321026 1.98524
-2.884967 2.522153
-2.650166 3.260408
-3.153311 4.669804
-3.891256 2.689938
-0.6375872 4.233562
