1.239734 2.581206
3.647605 0.5508796
4.587333 -1.689439
3.944321 -5.009598
2.513894 -8.655993
2.570846 -11.63313
4.122962 -12.17917
7.142871 -9.712726
9.43923 -8.346442
11.85285 -9.472372
13.89471 -11.14019
15.226 -7.33391
13.60161 -5.342858
9.39715 -2.233402
9.159248 -0.1315203
10.44677 2.368826
13.51019 3.891501
16.63371 3.420836
18.93977 1.778321
24.10381 2.732596
25.85158 7.703846
22.57959 9.979952
19.05023 11.0564
19.11886 13.49758
19.3986 15.71209
24.33466 14.66773
27.18716 16.50025
31.14729 18.60617
30.72103 13.5935
30.25565 9.973666
30.915 7.113033
33.51941 4.963493
35.974 3.451467
37.88595 0.936312
38.20808 -1.933677
36.55929 -6.066844
36.52132 -9.04294
37.1559 -9.868361
40.65437 -7.741862
43.27319 -7.042519
46.3153 -8.408026
48.88792 -7.036288
48.44461 -4.094712
45.72103 -2.462016
43.09917 -0.2114809
42.917 1.96947
45.47968 4.794501
48.29821 5.262328
50.81547 4.251117
