2.65524 2.361399
1.971272 0.4603192
5.441762 0.2251631
7.263143 2.246108
6.352063 4.374271
3.657408 5.5798
0.7228661 5.561607
-2.071097 4.247211
-2.711896 1.593627
-2.398285 -1.248119
-1.396268 -3.041196
1.244231 -3.382399
4.002356 -3.369305
7.275659 -3.010925
10.56973 -1.271993
11.17302 -0.3682502
11.71499 2.395962
11.38273 5.209078
10.05601 7.642575
7.031375 9.374961
4.184152 9.358071
0.9290657 9.097089
-3.370494 7.887837
-6.657911 5.98808
-9.384804 6.145192
-12.41932 7.999516
-15.3255 7.398087
-18.39819 8.043455
-21.03422 9.223016
-24.32548 7.973618
-26.97639 8.417852
-30.17965 10.56573
-32.90557 13.06046
-35.65111 16.88085
-37.7786 21.99183
-38.28869 22.13735
-39.00137 24.38368
-40.99834 29.13722
-42.3138 32.41716
-43.54265 35.54579
-45.26123 38.42042
-45.8515 41.5479
-43.8045 44.76705
-42.27518 47.29916
-43.29242 49.19628
-47.24355 47.72741
-50.50412 48.32601
-53.36446 48.99014
-53.98647 45.42297
-51.0536 43.26874
-50.31429 39.46788
-52.82075 37.36589
-56.3807 37.58089
-58.43496 39.10805
-61.25418 38.20846
-64.3318 36.3722
-67.80388 34.42145
-70.96815 31.00086
-70.94302 27.82237
-70.01314 22.59364
-70.77591 17.2972
-74.18644 12.87022
-79.42159 13.64506
-82.90003 16.04666
-83.54185 19.51116
-83.11684 23.39851
-81.54678 27.35853
-77.67401 27.40994
-73.70934 24.9262
-74.04424 20.98337
-76.49751 17.02919
-79.47571 18.35832
-80.07035 21.73015
-77.06985 23.6869