-121.957 50.89305
-119.1875 50.87268
-118.8377 47.83691
-118.7718 45.12472
-118.7928 41.98899
-118.7909 38.92488
-118.9862 35.50916
-119.1279 32.56076
-119.1796 29.29891
-119.1961 26.68534
-119.2209 23.70261
-119.1498 20.99283
-119.3713 18.41032
-119.3585 15.84395
-119.3857 13.1654
-119.3675 10.50442
-119.3392 7.89423
-118.922 5.452724
-116.9825 3.334829
-115.1657 0.9778397
-112.4592 -1.29223
-108.4382 -3.608074
-104.4355 -3.831808
-95.60601 -3.92811
-83.10796 -4.000781
-73.77552 -4.280154
-65.56377 -4.449327
-60.082 -3.539553
-54.64704 -4.559438
-50.1688 -7.539624
-45.78914 -8.704157
-41.30924 -7.428853
-37.44276 -7.190043
-33.38146 -9.266872
-28.01506 -11.79823
-22.55002 -13.106
-17.80675 -10.53897
-12.17643 -11.70443
-8.094475 -15.41185
-2.845357 -13.55799
2.431648 -10.93505
5.465071 -6.696094
5.753725 -3.600713
3.502416 0.05401647
2.197424 1.604381